H0 = 71.
Omega_m = 0.2660
Omega_lambda = 0.734; from WMAP 7 years

sigma_8 = 0.801

c = 299792458.
Mpc2m = 3.08568025e22

H0_SI = H0*1.d0/Mpc2m*1.e3

Lsun = 3.826e26
Msun = 1.9891e30

G = 6.67300e-11

rhoc = 3.*H0_SI^2/8./!pi/G

Kennicutt = 1.7e-10

MBH_Mstar_ratio = 1./500.

Ledd_Mbh_ratio = 3.2e4; Lsun

z_cmb = 1089.
